Range: [0, 20], Pop: 1000, Ngen: 40
gen	nevals	avg     	med     	std      	min     	max     
0  	1000  	0.585813	0.583333	0.0594209	0.425   	0.742857
1  	618   	0.662663	0.666667	0.0423757	0.488372	0.75    
2  	572   	0.699355	0.705882	0.0340304	0.526316	0.771429
3  	611   	0.714736	0.72973 	0.0347085	0.513514	0.771429
4  	638   	0.720736	0.72973 	0.0395549	0.567568	0.771429
5  	580   	0.736076	0.742857	0.0378935	0.536585	0.771429
6  	583   	0.745724	0.771429	0.0367909	0.605263	0.771429
7  	607   	0.748952	0.771429	0.0362429	0.605263	0.771429
8  	571   	0.749501	0.771429	0.0349279	0.589744	0.771429
9  	606   	0.747083	0.771429	0.0381314	0.589744	0.771429
10 	610   	0.75065 	0.771429	0.0347589	0.589744	0.771429
11 	605   	0.748491	0.771429	0.0364479	0.589744	0.771429
12 	574   	0.749683	0.771429	0.0377084	0.594595	0.771429
13 	582   	0.752308	0.771429	0.0345298	0.564103	0.771429
14 	594   	0.753544	0.771429	0.0329722	0.55    	0.771429
15 	609   	0.754438	0.771429	0.0334608	0.564103	0.771429
16 	608   	0.755444	0.771429	0.0311778	0.571429	0.771429
17 	588   	0.75504 	0.771429	0.0326925	0.611111	0.771429
18 	630   	0.753943	0.771429	0.0350832	0.552632	0.771429
19 	614   	0.756488	0.771429	0.0304384	0.588235	0.771429
20 	600   	0.757847	0.771429	0.0291824	0.594595	0.771429
21 	585   	0.757962	0.771429	0.0302759	0.583333	0.771429
22 	588   	0.758599	0.771429	0.0294198	0.6     	0.771429
23 	599   	0.758574	0.771429	0.0285073	0.583333	0.771429
24 	600   	0.758262	0.771429	0.0297231	0.588235	0.771429
25 	649   	0.759309	0.771429	0.027636 	0.609756	0.771429
26 	587   	0.75965 	0.771429	0.0275889	0.588235	0.771429
27 	619   	0.759396	0.771429	0.028284 	0.588235	0.771429
28 	566   	0.760809	0.771429	0.0260813	0.617647	0.771429
29 	594   	0.759722	0.771429	0.027816 	0.613636	0.771429
30 	631   	0.761767	0.771429	0.0238412	0.617647	0.771429
31 	600   	0.760941	0.771429	0.025642 	0.611111	0.771429
32 	578   	0.761918	0.771429	0.0244135	0.615385	0.771429
33 	639   	0.759447	0.771429	0.0274968	0.594595	0.771429
34 	565   	0.761799	0.771429	0.0248901	0.617647	0.771429
35 	611   	0.761046	0.771429	0.0264122	0.567568	0.771429
36 	632   	0.760457	0.771429	0.02676  	0.611111	0.771429
37 	593   	0.761711	0.771429	0.0254611	0.615385	0.771429
38 	618   	0.759642	0.771429	0.0276722	0.611111	0.771429
39 	627   	0.760082	0.771429	0.0276969	0.594595	0.771429
40 	588   	0.763098	0.771429	0.0241679	0.589744	0.771429

Hall of Fame
------------
[4, -8, 1, 1, 0, -8, -1, -2, -4, 2, 0, -1, -2, -4, 0, -8, -4, -2, 4, 2]
[2, -8, 1, 0, 4, 2, 1, -2, 1, 2, 4, -4, 4, -1, 4, -8, -8, 8, 4, 0]
[-1, 1, -1, -8, 2, 8, 8, 1, -2, 0, -4, 0, 8, 0, 8, -8, -8, 8, 2, -4]
[-1, -8, -1, -8, 2, 8, 8, 0, 1, 8, 4, -8, 1, -1, 8, -8, -8, 8, 2, -4]
[-1, 1, -1, -8, 2, 8, 8, 0, -8, -4, 8, 4, 0, -2, 1, -8, -8, 8, 2, -4]
[4, -8, -8, -1, 1, -8, 2, 0, -2, 1, -8, 0, 0, -1, 8, -8, -4, 2, 8, -1]
[4, -8, 8, 8, 4, -4, 2, 0, -2, 1, -8, 0, -2, -4, 8, -8, -4, 2, 8, -1]
[4, -8, -1, 8, 0, -4, 4, 1, -4, 0, -8, -8, 0, -1, 8, -8, -4, 2, 8, -1]
[0, 2, -1, 8, -8, 0, 0, -4, 1, 2, 4, -4, 4, -1, 4, -8, -8, 8, -4, 0]
[4, -8, -8, -1, 1, -8, -1, -2, -4, 2, 0, 0, -2, -4, 0, -8, -4, -2, 4, 2]

Range: [21, 60], Pop: 1000, Ngen: 40
gen	nevals	avg     	med     	std       	min      	max     
0  	1000  	0.142507	0.141699	0.0216229 	0.0933759	0.200795
1  	607   	0.168768	0.171429	0.0144442 	0.104334 	0.200795
2  	589   	0.182352	0.183397	0.0116969 	0.0961145	0.203941
3  	624   	0.190832	0.192381	0.00873075	0.139553 	0.210041
4  	597   	0.194509	0.197628	0.00906976	0.139405 	0.210041
5  	585   	0.197707	0.200596	0.00746439	0.152347 	0.21259 
6  	604   	0.198573	0.202149	0.010176  	0.120035 	0.21259 
7  	529   	0.201978	0.204886	0.00825646	0.146749 	0.214286
8  	606   	0.205362	0.209302	0.0089556 	0.149321 	0.214286
9  	618   	0.209456	0.21259 	0.00754467	0.148601 	0.215686
10 	601   	0.210267	0.21259 	0.00772253	0.114709 	0.215992
11 	611   	0.211534	0.214286	0.00744374	0.150418 	0.217166
12 	625   	0.21293 	0.214876	0.00690498	0.162791 	0.217166
13 	595   	0.212677	0.215686	0.00881197	0.144206 	0.217617
14 	590   	0.214043	0.217166	0.00807405	0.161792 	0.217617
15 	602   	0.214197	0.217166	0.00787463	0.127874 	0.217617
16 	616   	0.213614	0.217166	0.00976604	0.141536 	0.217617
17 	616   	0.214963	0.217617	0.00696376	0.171053 	0.217617
18 	570   	0.215203	0.217617	0.0074563 	0.154011 	0.217617
19 	670   	0.214307	0.217617	0.00828581	0.163889 	0.217617
20 	600   	0.215158	0.217617	0.00721295	0.162963 	0.217617
21 	618   	0.215042	0.217617	0.00786581	0.145354 	0.217617
22 	588   	0.215009	0.217617	0.00777539	0.144821 	0.217617
23 	604   	0.214576	0.217617	0.00848391	0.136572 	0.217617
24 	603   	0.214856	0.217617	0.00766732	0.163321 	0.217617
25 	642   	0.214486	0.217617	0.00881401	0.133174 	0.217617
26 	598   	0.214853	0.217617	0.00744292	0.143791 	0.217617
27 	600   	0.214632	0.217617	0.00843437	0.145455 	0.217617
28 	589   	0.214407	0.217617	0.00915042	0.120641 	0.217617
29 	627   	0.214895	0.217617	0.00794572	0.162376 	0.217617
30 	613   	0.214436	0.217617	0.00869697	0.141755 	0.217617
31 	603   	0.214839	0.217617	0.00766603	0.158946 	0.217617
32 	589   	0.214664	0.217617	0.00833306	0.144847 	0.217617
33 	609   	0.214595	0.217617	0.00811853	0.137037 	0.217617
34 	603   	0.214945	0.217617	0.00732994	0.155716 	0.217617
35 	553   	0.214793	0.217617	0.00789362	0.149954 	0.217617
36 	588   	0.214748	0.217617	0.00746853	0.170905 	0.217617
37 	589   	0.215023	0.217617	0.0075937 	0.159024 	0.217617
38 	626   	0.214642	0.217617	0.00848982	0.131041 	0.217617
39 	607   	0.214733	0.217617	0.00782418	0.164493 	0.217617
40 	593   	0.214435	0.217617	0.00848959	0.151316 	0.217617

Hall of Fame
------------
[1, 2, 8, -4, 4, 0, 4, 0, 2, 1, 8, -4, -1, 2, 8, 2, 4, -8, 1, 4]
[1, 2, 8, -4, 4, 0, 4, 0, 2, 1, 8, -4, -2, 1, 8, 2, 4, -8, -1, 2]
[1, 2, 8, -4, 4, 0, 4, 0, 0, -1, 8, -4, -2, 1, 8, 2, 4, -8, 1, 4]
[1, 2, 8, -4, 4, 0, 4, 0, 2, 1, 8, -4, -2, 1, 4, -2, 4, -8, 1, 4]
[1, 2, 8, -4, 4, 0, 4, 0, 2, 1, 8, -4, -2, 1, 8, 2, 4, -8, -4, -1]
[1, 2, 8, -4, 4, 0, 4, 0, 2, 1, 8, -4, -2, 1, 8, 2, 4, -8, 1, 4]
[1, 2, 8, -4, 4, 0, 4, 0, 2, 1, 8, -4, -2, 1, 8, 2, 8, -8, 1, 4]
[1, 1, 8, -4, 4, 0, 4, 0, 2, 1, 8, -4, -2, 1, 8, 2, 4, -8, 1, 4]
[4, 4, 8, -4, 4, 0, 4, 0, 2, 1, 8, -4, -2, 1, 8, 2, 4, -8, -4, -1]
[-2, -2, 8, -4, 4, 0, 4, 0, 2, 1, 8, -4, -2, 1, 8, 2, 4, -8, 1, 4]

Range: [61, 100], Pop: 1000, Ngen: 40
gen	nevals	avg     	med     	std       	min      	max     
0  	1000  	0.103668	0.103704	0.0071089 	0.0819062	0.128356
1  	602   	0.110971	0.11145 	0.00626167	0.0899719	0.128356
2  	600   	0.114787	0.115897	0.00651552	0.0877193	0.128356
3  	612   	0.117752	0.119114	0.00709241	0.0904908	0.132812
4  	606   	0.121207	0.123109	0.00748191	0.0902843	0.134783
5  	564   	0.124594	0.127972	0.00632698	0.0988332	0.134831
6  	618   	0.126626	0.128356	0.00632824	0.0964052	0.135043
7  	579   	0.129453	0.131296	0.00663968	0.100247 	0.137931
8  	611   	0.132011	0.134783	0.00644747	0.0969089	0.138316
9  	591   	0.133367	0.134831	0.00641596	0.100677 	0.137931
10 	611   	0.13427 	0.137168	0.00725335	0.0950437	0.138326
11 	607   	0.134953	0.137931	0.00735723	0.103388 	0.138326
12 	584   	0.135141	0.137931	0.00734026	0.0938825	0.138326
13 	640   	0.135351	0.137931	0.00683054	0.100223 	0.138326
14 	603   	0.135504	0.137931	0.00685547	0.0986842	0.138326
15 	607   	0.135791	0.138326	0.00696602	0.0989651	0.138326
16 	574   	0.135446	0.138326	0.0071813 	0.0952024	0.138326
17 	590   	0.135898	0.138326	0.00681017	0.0931966	0.138326
18 	618   	0.135561	0.138326	0.00717846	0.101474 	0.138326
19 	598   	0.135621	0.138326	0.00698316	0.0991304	0.138326
20 	600   	0.135757	0.138326	0.00680826	0.0986509	0.138326
21 	597   	0.135593	0.138326	0.00698519	0.0973312	0.138326
22 	614   	0.135433	0.138326	0.00739167	0.100181 	0.138326
23 	582   	0.13563 	0.138326	0.00694668	0.097852 	0.138326
24 	578   	0.135622	0.138326	0.00701372	0.101796 	0.138326
25 	599   	0.135649	0.138326	0.00695289	0.0995501	0.138326
26 	616   	0.135609	0.138326	0.00703882	0.100413 	0.138326
27 	572   	0.13561 	0.138326	0.00696995	0.0981194	0.138326
28 	608   	0.135646	0.138326	0.00689922	0.0990415	0.138326
29 	585   	0.135236	0.138326	0.00763728	0.0957627	0.138326
30 	601   	0.135436	0.138326	0.00731315	0.101292 	0.138326
31 	614   	0.13545 	0.138326	0.00720778	0.101709 	0.138326
32 	611   	0.135748	0.138326	0.0070858 	0.0961387	0.138326
33 	614   	0.135554	0.138326	0.00711781	0.097479 	0.138326
34 	601   	0.135327	0.138326	0.00738458	0.102011 	0.138326
35 	582   	0.135796	0.138326	0.00692001	0.099665 	0.138326
36 	616   	0.13587 	0.138326	0.00677348	0.0948487	0.138326
37 	622   	0.135813	0.138326	0.00665758	0.0989305	0.138326
38 	618   	0.13518 	0.138326	0.00776008	0.0988275	0.138326
39 	616   	0.135577	0.138326	0.00733216	0.0967514	0.138326
40 	592   	0.135432	0.138326	0.00733251	0.101595 	0.138326

Hall of Fame
------------
[8, -2, 1, -2, 1, -8, 4, 0, 1, 0, -2, 1, 8, -8, 0, -4, 8, 2, 0, 1]
[8, -2, 4, 8, 1, -8, 4, 0, 1, 0, -2, 1, 8, -8, 0, -4, 8, 2, 0, 1]
[8, -2, 4, 1, 1, -8, 0, -4, 1, 0, -2, 1, 8, -8, 0, -4, 8, 2, 0, 1]
[8, -2, -2, 1, 8, -1, 4, 0, 1, 0, -2, 1, 8, -8, 0, -4, 8, 2, 0, 1]
[8, -2, 4, 1, 8, -1, 0, -4, 1, 0, -2, 1, 8, -8, 0, -4, 8, 2, 0, 1]
[8, -2, -2, 1, 1, -8, 4, 0, 1, 0, -2, 1, 8, -8, 0, -4, 8, 2, 0, 1]
[8, -2, 4, 1, 8, -1, 4, 0, 1, 0, -2, 1, 8, -8, 0, -4, 8, 2, 0, 1]
[8, -2, -8, 1, 1, -8, 4, 0, 1, 0, -2, 1, 8, -8, 0, -4, 8, 2, 0, 1]
[8, -2, -2, 1, 8, -1, 0, -4, 1, 0, -2, 1, 8, -8, 0, -4, 8, 2, 0, 1]
[8, -2, 4, 1, 1, -8, 4, 0, 1, 0, -2, 1, 8, -8, 0, -4, 8, 2, 0, 1]

Three stage strategy fitness: 0.1845433255269321
