Range: [0, 20], Pop: 5000, Ngen: 40
gen	nevals	avg     	med     	std      	min     	max     
0  	5000  	0.577813	0.575   	0.0575102	0.432432	0.742857
1  	2974  	0.64954 	0.65    	0.0437566	0.470588	0.742857
2  	3078  	0.690788	0.702703	0.0345291	0.473684	0.771429
3  	2990  	0.711937	0.722222	0.0330154	0.488372	0.771429
4  	3018  	0.720015	0.72973 	0.0341964	0.52381 	0.771429
5  	2993  	0.725316	0.742857	0.0375178	0.512821	0.771429
6  	3050  	0.734205	0.742857	0.0397389	0.526316	0.771429
7  	3020  	0.743561	0.771429	0.0421374	0.536585	0.771429
8  	2960  	0.747145	0.771429	0.0412604	0.552632	0.771429
9  	2913  	0.748693	0.771429	0.0399675	0.513514	0.771429
10 	2933  	0.749166	0.771429	0.0402628	0.509434	0.771429
11 	3009  	0.749147	0.771429	0.040644 	0.512821	0.771429
12 	2939  	0.749533	0.771429	0.0404336	0.555556	0.771429
13 	3033  	0.751683	0.771429	0.0382303	0.522727	0.771429
14 	3061  	0.752701	0.771429	0.0383011	0.5     	0.771429
15 	2970  	0.754064	0.771429	0.0376736	0.512821	0.771429
16 	3042  	0.755287	0.771429	0.0359451	0.555556	0.771429
17 	3035  	0.75577 	0.771429	0.0355284	0.55    	0.771429
18 	2957  	0.757612	0.771429	0.0336049	0.540541	0.771429
19 	3081  	0.757812	0.771429	0.033817 	0.526316	0.771429
20 	3006  	0.758014	0.771429	0.0339252	0.520833	0.771429
21 	2927  	0.758893	0.771429	0.033057 	0.552632	0.771429
22 	3007  	0.758106	0.771429	0.0342563	0.5     	0.771429
23 	3087  	0.759442	0.771429	0.031824 	0.527778	0.771429
24 	3054  	0.759364	0.771429	0.0325085	0.538462	0.771429
25 	2986  	0.759046	0.771429	0.0336585	0.513514	0.771429
26 	2917  	0.759523	0.771429	0.0325831	0.538462	0.771429
27 	3054  	0.75945 	0.771429	0.0324279	0.527778	0.771429
28 	3041  	0.759463	0.771429	0.0322888	0.540541	0.771429
29 	3026  	0.758841	0.771429	0.0340062	0.52381 	0.771429
30 	3011  	0.759808	0.771429	0.0317339	0.542857	0.771429
31 	3030  	0.759801	0.771429	0.0317151	0.526316	0.771429
32 	3006  	0.759758	0.771429	0.0322057	0.527778	0.771429
33 	2991  	0.759532	0.771429	0.0324192	0.527778	0.771429
34 	2956  	0.760008	0.771429	0.0313148	0.540541	0.771429
35 	2987  	0.759464	0.771429	0.0331412	0.512195	0.771429
36 	3062  	0.759722	0.771429	0.0327262	0.540541	0.771429
37 	2958  	0.760181	0.771429	0.0315835	0.525   	0.771429
38 	3049  	0.760266	0.771429	0.0311087	0.555556	0.771429
39 	3124  	0.760197	0.771429	0.0311277	0.5     	0.771429
40 	2993  	0.760362	0.771429	0.0312278	0.540541	0.771429

Hall of Fame
------------
[8, 0, 8, 8, 8, 1, 2, 1, 0, 2, 4, 1, 2, 1, 4, 1, 0, 4, 1, 0]
[4, 4, 4, 4, 0, 2, 8, 4, 2, 8, 8, 8, 2, 0, 8, 0, 0, 8, 8, 1]
[0, 1, 2, 4, 2, 4, 8, 4, 1, 2, 1, 1, 2, 1, 8, 2, 1, 8, 1, 0]
[4, 2, 8, 8, 2, 1, 4, 2, 1, 2, 4, 4, 2, 1, 4, 0, 1, 8, 2, 1]
[4, 2, 8, 8, 2, 1, 4, 2, 1, 2, 4, 8, 4, 2, 8, 0, 0, 8, 0, 2]
[4, 2, 2, 4, 1, 0, 4, 1, 4, 8, 1, 2, 4, 1, 8, 0, 1, 8, 1, 0]
[8, 1, 4, 4, 8, 4, 8, 4, 4, 8, 0, 0, 8, 2, 8, 0, 2, 8, 2, 1]
[4, 2, 0, 0, 0, 4, 1, 0, 0, 1, 2, 0, 8, 2, 8, 0, 2, 8, 4, 8]
[8, 0, 8, 8, 8, 1, 2, 1, 0, 4, 4, 1, 2, 1, 4, 1, 0, 4, 1, 0]
[8, 0, 8, 8, 8, 1, 2, 1, 0, 4, 8, 8, 2, 1, 4, 1, 0, 4, 1, 0]

Range: [21, 60], Pop: 5000, Ngen: 40
gen	nevals	avg     	med     	std       	min      	max     
0  	5000  	0.139551	0.138793	0.0209481 	0.0902973	0.199623
1  	3046  	0.165476	0.166952	0.0144267 	0.0980392	0.199623
2  	2968  	0.17851 	0.180582	0.0114691 	0.085456 	0.205882
3  	2968  	0.185503	0.187864	0.0100559 	0.106079 	0.205882
4  	2975  	0.189665	0.192456	0.00990134	0.107667 	0.206796
5  	3046  	0.192178	0.195811	0.0106119 	0.113208 	0.20751 
6  	2991  	0.194363	0.198647	0.0109021 	0.111033 	0.209961
7  	2964  	0.196535	0.200948	0.0107483 	0.121648 	0.212551
8  	3050  	0.198705	0.203622	0.0110078 	0.12692  	0.212551
9  	2941  	0.200127	0.205882	0.0107523 	0.133024 	0.213786
10 	2966  	0.200844	0.206726	0.0110213 	0.12112  	0.213786
11 	3083  	0.203357	0.208047	0.01064   	0.127807 	0.214215
12 	3050  	0.207359	0.209961	0.00829026	0.14099  	0.214215
13 	2982  	0.20924 	0.212551	0.00811788	0.112583 	0.214639
14 	3050  	0.209853	0.213198	0.0080921 	0.149508 	0.214639
15 	3006  	0.210772	0.213786	0.00783455	0.150259 	0.214639
16 	3108  	0.210929	0.214073	0.00784669	0.143914 	0.21501 
17 	3023  	0.211316	0.214215	0.00811095	0.113074 	0.21501 
18 	2983  	0.21169 	0.214639	0.00804861	0.133513 	0.21501 
19 	2980  	0.211711	0.214639	0.00798286	0.127287 	0.21501 
20 	2967  	0.211406	0.214639	0.00820812	0.145749 	0.21501 
21 	2971  	0.210877	0.214639	0.00816482	0.150129 	0.21501 
22 	2981  	0.211432	0.21501 	0.0080027 	0.134002 	0.21501 
23 	2963  	0.212112	0.21501 	0.00800154	0.143847 	0.21501 
24 	2998  	0.212182	0.21501 	0.00783823	0.147239 	0.21501 
25 	3011  	0.212322	0.21501 	0.00764475	0.14336  	0.21501 
26 	2993  	0.212315	0.21501 	0.00765778	0.138173 	0.21501 
27 	3046  	0.212219	0.21501 	0.00792974	0.140381 	0.21501 
28 	3018  	0.212185	0.21501 	0.00781589	0.143905 	0.21501 
29 	3046  	0.21224 	0.21501 	0.00780336	0.134068 	0.21501 
30 	2933  	0.212314	0.21501 	0.00767658	0.140092 	0.21501 
31 	3105  	0.212043	0.21501 	0.00813546	0.130961 	0.21501 
32 	3017  	0.212273	0.21501 	0.00776983	0.120069 	0.21501 
33 	3068  	0.212312	0.21501 	0.00772667	0.125112 	0.21501 
34 	3015  	0.212321	0.21501 	0.00755151	0.150517 	0.21501 
35 	2915  	0.212246	0.21501 	0.00786055	0.133159 	0.21501 
36 	3014  	0.212207	0.21501 	0.00787   	0.118397 	0.21501 
37 	2976  	0.212363	0.21501 	0.00746284	0.126205 	0.21501 
38 	3035  	0.212203	0.21501 	0.00786441	0.127677 	0.21501 
39 	3055  	0.212335	0.21501 	0.00767776	0.13796  	0.21501 
40 	2993  	0.21226 	0.21501 	0.00779759	0.135534 	0.21501 

Hall of Fame
------------
[2, 1, 8, 4, 4, 0, 4, 1, 2, 1, 8, 0, 0, 2, 8, 4, 8, 0, 0, 4]
[2, 1, 8, 4, 8, 4, 4, 1, 2, 1, 8, 0, 2, 4, 4, 0, 8, 0, 0, 4]
[2, 1, 8, 4, 4, 0, 4, 1, 2, 1, 8, 0, 2, 4, 4, 0, 8, 0, 4, 8]
[1, 0, 8, 4, 4, 0, 4, 1, 2, 1, 8, 0, 2, 4, 4, 0, 8, 0, 0, 4]
[2, 1, 8, 4, 4, 0, 4, 1, 1, 0, 8, 0, 2, 4, 8, 4, 8, 0, 0, 4]
[2, 1, 8, 4, 4, 0, 4, 1, 1, 0, 8, 0, 2, 4, 4, 0, 8, 0, 0, 4]
[2, 1, 8, 4, 4, 0, 4, 1, 2, 1, 8, 0, 2, 4, 8, 4, 8, 0, 0, 4]
[2, 1, 8, 4, 4, 0, 4, 1, 2, 1, 8, 0, 2, 4, 4, 0, 8, 0, 0, 4]
[2, 2, 8, 0, 4, 1, 4, 1, 2, 1, 8, 0, 1, 2, 4, 0, 8, 0, 0, 1]
[2, 2, 8, 0, 4, 1, 4, 1, 2, 1, 8, 0, 1, 2, 8, 4, 8, 0, 1, 2]

Range: [61, 100], Pop: 5000, Ngen: 40
gen	nevals	avg     	med     	std       	min      	max     
0  	5000  	0.101922	0.102012	0.00696403	0.0763161	0.126846
1  	3015  	0.10888 	0.109251	0.0059734 	0.081761 	0.128183
2  	3001  	0.113145	0.114123	0.00613828	0.0833025	0.13255 
3  	2946  	0.116513	0.118132	0.00653654	0.0860137	0.13255 
4  	3054  	0.119118	0.121191	0.00697121	0.0880254	0.134529
5  	3017  	0.121818	0.124138	0.00703451	0.0943925	0.134394
6  	2917  	0.123948	0.127049	0.00743178	0.092038 	0.140238
7  	3084  	0.126044	0.128974	0.00740053	0.0922213	0.139578
8  	3019  	0.128806	0.131907	0.00713335	0.0914245	0.140238
9  	2966  	0.13066 	0.133272	0.00709681	0.0904926	0.140238
10 	2984  	0.132823	0.134964	0.00715812	0.0939279	0.141818
11 	3036  	0.135254	0.137774	0.00748583	0.0957535	0.142206
12 	2933  	0.137307	0.140238	0.00714628	0.0984694	0.142206
13 	3045  	0.137517	0.140238	0.00767152	0.0958647	0.142206
14 	2999  	0.138199	0.141818	0.00813715	0.0915254	0.142206
15 	2937  	0.138584	0.141818	0.008134  	0.094046 	0.142206
16 	3013  	0.139005	0.142206	0.00808123	0.0933148	0.142206
17 	2964  	0.139097	0.142206	0.00812823	0.091673 	0.142206
18 	3050  	0.138991	0.142206	0.00819479	0.095026 	0.142206
19 	2980  	0.139108	0.142206	0.0081192 	0.0930376	0.142206
20 	3021  	0.139053	0.142206	0.00814004	0.0930108	0.142206
21 	2952  	0.138955	0.142206	0.00830545	0.0914359	0.142206
22 	2982  	0.138953	0.142206	0.00823252	0.0942594	0.142206
23 	3013  	0.138813	0.142206	0.00834361	0.0929978	0.142206
24 	3017  	0.138897	0.142206	0.00848708	0.094208 	0.142206
25 	3027  	0.138827	0.142206	0.00836636	0.094517 	0.142206
26 	3063  	0.138817	0.142206	0.00847257	0.0984153	0.142206
27 	3055  	0.138968	0.142206	0.00814931	0.0968543	0.142206
28 	3019  	0.138979	0.142206	0.00821227	0.0936432	0.142206
29 	2980  	0.138989	0.142206	0.00826282	0.0932836	0.142206
30 	2920  	0.138981	0.142206	0.008258  	0.0917545	0.142206
31 	3033  	0.138894	0.142206	0.00830091	0.0940893	0.142206
32 	2963  	0.138918	0.142206	0.0082265 	0.0928705	0.142206
33 	3149  	0.138757	0.142206	0.00846059	0.0972591	0.142206
34 	3029  	0.138988	0.142206	0.00815945	0.0953058	0.142206
35 	2916  	0.139012	0.142206	0.00814618	0.0984637	0.142206
36 	2922  	0.139207	0.142206	0.00793225	0.0956586	0.142206
37 	3053  	0.138949	0.142206	0.00832488	0.0919753	0.142206
38 	2931  	0.13912 	0.142206	0.00808345	0.0939368	0.142206
39 	2941  	0.139034	0.142206	0.00808882	0.0940416	0.142206
40 	2939  	0.139062	0.142206	0.00809595	0.0921883	0.142206

Hall of Fame
------------
[4, 8, 8, 4, 2, 4, 8, 4, 0, 8, 2, 0, 0, 4, 0, 1, 8, 0, 0, 8]
[4, 8, 8, 4, 0, 2, 8, 4, 0, 8, 2, 0, 0, 4, 1, 2, 8, 0, 0, 8]
[4, 8, 8, 4, 2, 4, 8, 4, 0, 8, 4, 2, 0, 4, 0, 1, 8, 0, 0, 8]
[4, 8, 8, 4, 0, 2, 4, 0, 0, 8, 2, 0, 0, 4, 0, 1, 8, 0, 0, 8]
[0, 4, 8, 4, 0, 2, 8, 4, 0, 8, 4, 2, 0, 4, 0, 1, 8, 0, 0, 8]
[4, 8, 8, 4, 0, 2, 8, 4, 0, 8, 4, 2, 0, 4, 1, 2, 8, 0, 0, 8]
[4, 8, 4, 0, 0, 2, 8, 4, 0, 8, 2, 0, 0, 4, 0, 1, 8, 0, 0, 8]
[0, 4, 8, 4, 0, 2, 8, 4, 0, 8, 2, 0, 0, 4, 0, 1, 8, 0, 0, 8]
[4, 8, 8, 4, 0, 2, 8, 4, 0, 8, 4, 2, 0, 4, 0, 1, 8, 0, 0, 8]
[4, 8, 8, 4, 0, 2, 8, 4, 0, 8, 2, 0, 0, 4, 0, 1, 8, 0, 0, 8]

Three stage strategy fitness: 0.18649669499527857
