Range: [0, 20], Pop: 5000, Ngen: 40
gen	nevals	avg     	med     	std      	min     	max     
0  	5000  	0.586254	0.583333	0.0593793	0.428571	0.756757
1  	2990  	0.660489	0.666667	0.0436466	0.470588	0.771429
2  	3071  	0.7005  	0.705882	0.0340517	0.487179	0.771429
3  	3038  	0.718804	0.72973 	0.0306667	0.5     	0.771429
4  	3029  	0.726467	0.72973 	0.0328264	0.513514	0.771429
5  	2984  	0.738594	0.742857	0.0349525	0.5     	0.771429
6  	2994  	0.747546	0.764706	0.0353266	0.555556	0.771429
7  	2960  	0.750298	0.771429	0.0346977	0.512821	0.771429
8  	3032  	0.749995	0.771429	0.0349075	0.526316	0.771429
9  	2982  	0.75097 	0.771429	0.0351852	0.525   	0.771429
10 	2950  	0.752356	0.771429	0.0336735	0.534884	0.771429
11 	2965  	0.752929	0.771429	0.0327241	0.552632	0.771429
12 	2978  	0.753694	0.771429	0.0330988	0.525   	0.771429
13 	3002  	0.753922	0.771429	0.032595 	0.534884	0.771429
14 	2928  	0.755358	0.771429	0.031454 	0.525   	0.771429
15 	3040  	0.755201	0.771429	0.0314467	0.540541	0.771429
16 	3035  	0.755689	0.771429	0.0311711	0.564103	0.771429
17 	3028  	0.756164	0.771429	0.0308847	0.578947	0.771429
18 	2908  	0.757484	0.771429	0.0296663	0.567568	0.771429
19 	3031  	0.756871	0.771429	0.0304137	0.571429	0.771429
20 	3031  	0.757406	0.771429	0.0295478	0.567568	0.771429
21 	3004  	0.757666	0.771429	0.0297881	0.555556	0.771429
22 	2933  	0.759262	0.771429	0.0277513	0.571429	0.771429
23 	3087  	0.757812	0.771429	0.0298439	0.552632	0.771429
24 	3042  	0.759047	0.771429	0.0283761	0.6     	0.771429
25 	2965  	0.759354	0.771429	0.0280251	0.553191	0.771429
26 	2976  	0.760196	0.771429	0.0262257	0.585366	0.771429
27 	2967  	0.76102 	0.771429	0.0253708	0.589744	0.771429
28 	2982  	0.759338	0.771429	0.0280061	0.567568	0.771429
29 	3039  	0.76    	0.771429	0.0275386	0.571429	0.771429
30 	2950  	0.760234	0.771429	0.0271316	0.567568	0.771429
31 	3061  	0.75991 	0.771429	0.0276335	0.547619	0.771429
32 	2959  	0.760251	0.771429	0.0267202	0.585366	0.771429
33 	2994  	0.760799	0.771429	0.0261402	0.552632	0.771429
34 	3050  	0.760072	0.771429	0.0273213	0.525   	0.771429
35 	3057  	0.760803	0.771429	0.0260305	0.588235	0.771429
36 	2958  	0.760771	0.771429	0.0258126	0.564103	0.771429
37 	3013  	0.761451	0.771429	0.0251402	0.585366	0.771429
38 	3035  	0.761367	0.771429	0.025465 	0.552632	0.771429
39 	3047  	0.761327	0.771429	0.0253705	0.589744	0.771429
40 	2935  	0.762576	0.771429	0.0234959	0.6     	0.771429

Hall of Fame
------------
[-4, -4, 2, 2, 0, 1, -4, -8, -2, 1, -2, 2, -1, -4, 2, -8, -8, -2, 1, -1]
[1, 2, 2, 2, -1, 1, -2, -8, -2, 1, -2, -2, 0, -4, 2, -8, -8, 2, 1, 1]
[4, -8, -1, 8, 1, -8, 2, -1, -2, 4, 2, 2, 2, 1, 2, -8, -4, 1, 1, 2]
[-4, -8, -4, -1, 0, 0, -1, -4, -2, 8, 4, 2, 1, 0, 4, -4, 0, 8, 4, 4]
[4, -2, 2, 2, -4, -1, 0, -4, 4, 8, 1, 0, 1, -4, 8, -8, -8, 8, 8, 2]
[-4, -4, 2, 2, 1, 4, 0, -4, 1, 8, 4, -2, -2, -8, 8, -8, -4, 4, -1, 0]
[8, -2, -1, -2, 0, -8, 1, -8, -4, 4, 0, 1, 4, 0, 8, -8, -8, 8, -4, 0]
[4, -2, 2, 0, 2, -1, 1, -4, -8, -4, 1, 0, 1, -4, 8, -8, -8, 8, 8, 2]
[-1, -4, -8, 2, -4, -2, 2, -1, -2, 8, 4, 0, 4, 2, 4, -1, 2, 8, 8, -1]
[4, -8, -1, 8, 1, -8, 2, -1, -2, 1, 1, 2, 4, 0, 2, -8, -4, 1, 1, 2]

Range: [21, 60], Pop: 5000, Ngen: 40
gen	nevals	avg     	med     	std      	min      	max     
0  	5000  	0.141827	0.141094	0.0215254	0.0858779	0.201213
1  	3007  	0.16836 	0.170071	0.0146428	0.105622 	0.201417
2  	3015  	0.18168 	0.183782	0.0113855	0.110691 	0.207779
3  	3022  	0.188717	0.190863	0.0103938	0.110193 	0.209278
4  	3032  	0.192694	0.196098	0.011187 	0.103978 	0.21194 
5  	2985  	0.196098	0.199603	0.0111213	0.124478 	0.21194 
6  	2944  	0.198903	0.20277 	0.0108618	0.132938 	0.213265
7  	3019  	0.201207	0.205645	0.0110122	0.125862 	0.214143
8  	3001  	0.202729	0.207305	0.0111048	0.108466 	0.214579
9  	2966  	0.203884	0.209209	0.0115387	0.120573 	0.2154  
10 	3004  	0.205572	0.211499	0.0120785	0.110586 	0.215492
11 	3022  	0.206592	0.212302	0.0128557	0.110424 	0.21665 
12 	2985  	0.208228	0.213573	0.0123429	0.103872 	0.217871
13 	3071  	0.209213	0.214286	0.0130931	0.115385 	0.217871
14 	2931  	0.211078	0.215431	0.0119632	0.1125   	0.218402
15 	3072  	0.212113	0.216351	0.0121721	0.114723 	0.218686
16 	3035  	0.212807	0.217217	0.0122624	0.119161 	0.218686
17 	3033  	0.213444	0.217871	0.012101 	0.109524 	0.21875 
18 	2962  	0.213603	0.218218	0.0125134	0.115203 	0.219095
19 	2900  	0.213561	0.218402	0.0129822	0.123236 	0.219164
20 	2969  	0.214156	0.218686	0.0121382	0.127087 	0.219414
21 	3000  	0.21354 	0.218686	0.0128012	0.113841 	0.219836
22 	3035  	0.213396	0.21875 	0.0135151	0.105706 	0.219836
23 	3004  	0.213904	0.219095	0.0126583	0.105313 	0.219836
24 	2999  	0.214436	0.219164	0.012877 	0.114754 	0.219836
25 	3045  	0.214567	0.219612	0.0130715	0.13388  	0.219959
26 	2904  	0.215023	0.219612	0.012512 	0.122066 	0.219959
27 	3075  	0.215072	0.219836	0.0128761	0.110075 	0.219959
28 	2948  	0.214934	0.219836	0.0137071	0.111492 	0.219959
29 	3000  	0.215034	0.219836	0.0133902	0.112811 	0.219959
30 	2981  	0.215332	0.219959	0.0131231	0.11836  	0.219959
31 	2933  	0.21508 	0.219959	0.0138257	0.115385 	0.219959
32 	2996  	0.214898	0.219959	0.0141978	0.102029 	0.219959
33 	3024  	0.214815	0.219959	0.0144432	0.105892 	0.219959
34 	2993  	0.215434	0.219959	0.0129072	0.122275 	0.219959
35 	3016  	0.215094	0.219959	0.0138177	0.105299 	0.219959
36 	2949  	0.215129	0.219959	0.0135206	0.113768 	0.219959
37 	2972  	0.215192	0.219959	0.0135412	0.110582 	0.219959
38 	2992  	0.215818	0.219959	0.0124489	0.11583  	0.219959
39 	2979  	0.21489 	0.219959	0.014037 	0.106464 	0.219959
40 	3044  	0.214878	0.219959	0.0145022	0.118939 	0.219959

Hall of Fame
------------
[-4, -1, 8, -1, 1, 1, 4, -4, 0, -1, 8, -8, 1, 8, 2, -2, -2, 1, -1, 4]
[-4, -1, 8, -1, 1, 1, 4, -4, -1, -2, 8, -8, 1, 8, 8, 4, -2, 1, -1, 4]
[-4, -1, 8, -1, 1, 1, 4, -4, -1, -2, 8, -8, 1, 8, 4, 0, -2, 1, -1, 4]
[-1, 2, 8, -1, 1, 1, 4, -4, -1, -2, 8, -8, 1, 8, 2, -2, -2, 1, -1, 4]
[-4, -1, 8, -1, 1, 1, 4, -4, 1, 0, 8, -8, -8, -1, 2, -2, -2, 1, -1, 4]
[-4, -1, 8, -1, 1, 1, 4, -4, 1, 0, 8, -8, 1, 8, 2, -2, -2, 1, -1, 4]
[-4, -1, 8, -1, 1, 1, 4, -4, 1, 0, 8, -8, -8, -1, 8, 4, -2, 1, -1, 4]
[-4, -1, 8, -1, 1, 1, 4, -4, -1, -2, 8, -8, -8, -1, 2, -2, -2, 1, -1, 4]
[-4, -1, 8, -1, 1, 1, 4, -4, -1, -2, 8, -8, -8, -1, 8, 4, -2, 1, -1, 4]
[-4, -1, 8, -1, 1, 1, 4, -4, -1, -2, 8, -8, 1, 8, 2, -2, -2, 1, -1, 4]

Range: [61, 100], Pop: 5000, Ngen: 40
gen	nevals	avg     	med     	std       	min      	max     
0  	5000  	0.103388	0.103581	0.00693714	0.0783582	0.130677
1  	3081  	0.110204	0.110522	0.00592874	0.084021 	0.130677
2  	2958  	0.114533	0.115544	0.0062884 	0.0874613	0.131557
3  	3031  	0.117567	0.119179	0.00711647	0.0868132	0.137218
4  	2906  	0.120317	0.122589	0.00750316	0.0887881	0.138967
5  	3015  	0.122649	0.125514	0.00782516	0.0890411	0.139122
6  	2962  	0.125186	0.128906	0.00776115	0.0909091	0.142447
7  	2970  	0.126996	0.130677	0.00785559	0.0913371	0.142447
8  	3006  	0.129147	0.13217 	0.00840534	0.0930902	0.142447
9  	3037  	0.132503	0.13615 	0.00824729	0.0946197	0.144498
10 	2968  	0.135262	0.138623	0.00796825	0.0997038	0.144498
11 	2893  	0.137715	0.140952	0.00779846	0.0934412	0.144509
12 	2946  	0.139401	0.142447	0.00746814	0.0976526	0.144509
13 	3002  	0.13988 	0.14313 	0.0081091 	0.0925566	0.144509
14 	2985  	0.140673	0.144204	0.00799358	0.0967552	0.144788
15 	2980  	0.141651	0.144498	0.00760229	0.101944 	0.144788
16 	3018  	0.141575	0.144498	0.00751591	0.0970962	0.144788
17 	3029  	0.14165 	0.144498	0.00741514	0.0979021	0.147573
18 	3058  	0.141694	0.144509	0.00756811	0.0894977	0.147573
19 	2958  	0.142161	0.144788	0.0073057 	0.0954033	0.147573
20 	2924  	0.142119	0.144788	0.0078476 	0.0953704	0.147573
21 	2991  	0.142654	0.145224	0.00778755	0.0982987	0.147573
22 	2987  	0.143084	0.146199	0.00823039	0.0991797	0.147573
23 	3002  	0.143823	0.14703 	0.00813021	0.0951949	0.147573
24 	3114  	0.144286	0.147573	0.00856251	0.0983027	0.147573
25 	2991  	0.144291	0.147573	0.00855786	0.095057 	0.147573
26 	2903  	0.144554	0.147573	0.00827204	0.0935829	0.147573
27 	2987  	0.144336	0.147573	0.00849133	0.100678 	0.147573
28 	3024  	0.144285	0.147573	0.00858029	0.090669 	0.147573
29 	3019  	0.144631	0.147573	0.00795795	0.0942275	0.147573
30 	2925  	0.144535	0.147573	0.00847921	0.0973123	0.147573
31 	3071  	0.144203	0.147573	0.00860998	0.0991659	0.147573
32 	3027  	0.144477	0.147573	0.00823365	0.0980066	0.147573
33 	2981  	0.144406	0.147573	0.00839114	0.0985663	0.147573
34 	2963  	0.144421	0.147573	0.00834976	0.099728 	0.147573
35 	3040  	0.144349	0.147573	0.0084445 	0.0984781	0.147573
36 	3017  	0.144253	0.147573	0.00866397	0.0970537	0.147573
37 	3024  	0.144303	0.147573	0.00856463	0.0997046	0.147573
38 	3087  	0.144562	0.147573	0.00823486	0.0959925	0.147573
39 	2988  	0.144297	0.147573	0.0085869 	0.0977509	0.147573
40 	3013  	0.144503	0.147573	0.00824302	0.0925297	0.147573

Hall of Fame
------------
[-1, 8, 4, -1, 2, -2, 4, 0, 0, 8, 2, 0, -2, 2, -2, -1, 8, -8, -8, 1]
[-1, 8, -2, 0, 4, 0, 4, 0, 0, 8, 2, 0, -2, 2, -2, -1, 8, -8, -8, 1]
[-1, 4, -2, 0, 2, -2, 4, 0, 0, 8, 2, 0, -2, 2, -2, -1, 8, -8, -8, 1]
[-4, 4, 0, 0, 4, 0, 4, 0, 0, 8, 2, 0, -2, 2, -2, -1, 8, -8, -8, 1]
[-1, 4, 4, 1, 4, 0, 4, 0, 0, 8, 2, 0, -2, 2, -2, -1, 8, -8, -8, 1]
[-1, 4, -2, 0, 2, -2, 2, -2, 0, 8, 2, 0, -2, 2, -2, -1, 8, -8, -8, 1]
[-1, 8, 4, 1, 4, 0, 4, 0, 0, 8, 2, 0, -2, 2, -2, -1, 8, -8, -8, 1]
[-8, 2, 4, 1, 2, -2, 2, -2, 0, 8, 2, 0, -2, 2, -2, -1, 8, -8, -8, 1]
[-1, 4, 4, 1, 2, -2, 4, 0, 0, 8, 2, 0, -2, 2, -2, -1, 8, -8, -8, 1]
[-1, 4, -2, 0, 4, 0, 4, 0, 0, 8, 2, 0, -2, 2, -2, -1, 8, -8, -8, 1]

Three stage strategy fitness: 0.19296531509526135
