Range: [0, 20], Pop: 5000, Ngen: 40
gen	nevals	avg     	med     	std      	min     	max     
0  	5000  	0.57955 	0.578947	0.0577863	0.425   	0.771429
1  	3037  	0.652051	0.657143	0.0437748	0.472222	0.771429
2  	3082  	0.691653	0.702703	0.0351304	0.5     	0.771429
3  	3044  	0.713023	0.72973 	0.0315464	0.478261	0.771429
4  	3012  	0.721773	0.72973 	0.0333966	0.5     	0.771429
5  	2996  	0.730895	0.742857	0.037637 	0.486486	0.771429
6  	2991  	0.745449	0.771429	0.0385625	0.52381 	0.771429
7  	2956  	0.751625	0.771429	0.0373267	0.564103	0.771429
8  	3013  	0.753234	0.771429	0.0356636	0.564103	0.771429
9  	3092  	0.753998	0.771429	0.0345179	0.552632	0.771429
10 	3007  	0.75471 	0.771429	0.034637 	0.540541	0.771429
11 	2980  	0.755498	0.771429	0.0339039	0.55814 	0.771429
12 	2964  	0.755926	0.771429	0.034735 	0.526316	0.771429
13 	2983  	0.757576	0.771429	0.0321125	0.512821	0.771429
14 	2984  	0.758215	0.771429	0.0318141	0.571429	0.771429
15 	3091  	0.757938	0.771429	0.0323111	0.55    	0.771429
16 	2988  	0.758433	0.771429	0.0318046	0.536585	0.771429
17 	2982  	0.758039	0.771429	0.0322481	0.555556	0.771429
18 	3062  	0.759492	0.771429	0.0299421	0.55    	0.771429
19 	2985  	0.760624	0.771429	0.0286666	0.478261	0.771429
20 	3009  	0.759681	0.771429	0.0305239	0.564103	0.771429
21 	2956  	0.761067	0.771429	0.0282831	0.536585	0.771429
22 	3046  	0.759857	0.771429	0.0306783	0.522727	0.771429
23 	2985  	0.761161	0.771429	0.028406 	0.542857	0.771429
24 	3035  	0.760297	0.771429	0.029671 	0.55    	0.771429
25 	3042  	0.760984	0.771429	0.0286806	0.564103	0.771429
26 	2970  	0.76092 	0.771429	0.0296586	0.511111	0.771429
27 	2978  	0.761231	0.771429	0.0288993	0.547619	0.771429
28 	3022  	0.761476	0.771429	0.028339 	0.55    	0.771429
29 	3042  	0.761537	0.771429	0.0284691	0.552632	0.771429
30 	2957  	0.761083	0.771429	0.029536 	0.571429	0.771429
31 	3038  	0.761643	0.771429	0.0282335	0.527778	0.771429
32 	2943  	0.761014	0.771429	0.0295246	0.538462	0.771429
33 	3014  	0.761435	0.771429	0.0289602	0.52381 	0.771429
34 	3049  	0.762204	0.771429	0.0276221	0.575   	0.771429
35 	2998  	0.761311	0.771429	0.0293465	0.538462	0.771429
36 	3032  	0.761601	0.771429	0.0284417	0.560976	0.771429
37 	3026  	0.761926	0.771429	0.0279604	0.571429	0.771429
38 	2980  	0.761253	0.771429	0.02897  	0.538462	0.771429
39 	3057  	0.761808	0.771429	0.0280835	0.55814 	0.771429
40 	2952  	0.761493	0.771429	0.0289736	0.571429	0.771429

Hall of Fame
------------
[8, 4, 2, 2, 2, 0, 4, 2, 2, 8, 1, 0, 4, 2, 8, 0, 0, 8, 2, 4]
[8, 4, 1, 2, 1, 2, 4, 1, 1, 8, 2, 0, 4, 2, 8, 1, 2, 8, 4, 2]
[4, 1, 1, 4, 8, 8, 4, 1, 0, 4, 2, 1, 4, 1, 8, 1, 2, 8, 2, 1]
[8, 1, 2, 2, 2, 0, 4, 2, 2, 8, 1, 0, 4, 2, 8, 0, 0, 8, 2, 0]
[4, 4, 1, 4, 0, 2, 4, 1, 1, 8, 2, 0, 4, 8, 8, 1, 0, 4, 1, 8]
[4, 4, 1, 4, 0, 2, 4, 1, 1, 8, 2, 0, 4, 8, 8, 1, 0, 4, 1, 4]
[8, 1, 4, 4, 8, 4, 4, 2, 2, 4, 4, 2, 2, 1, 8, 2, 0, 8, 2, 0]
[8, 4, 8, 8, 2, 0, 2, 1, 1, 4, 1, 1, 4, 2, 8, 2, 2, 8, 8, 4]
[4, 4, 1, 4, 0, 2, 4, 1, 1, 8, 2, 0, 8, 4, 8, 2, 0, 4, 1, 8]
[8, 4, 2, 1, 2, 0, 4, 2, 2, 8, 1, 0, 4, 2, 8, 0, 0, 8, 2, 4]

Range: [21, 60], Pop: 5000, Ngen: 40
gen	nevals	avg     	med     	std       	min      	max     
0  	5000  	0.119331	0.118174	0.00587383	0.0967466	0.185767
1  	2979  	0.12841 	0.124426	0.0109215 	0.0970954	0.185767
2  	2968  	0.144835	0.142612	0.0145613 	0.0936786	0.194956
3  	2961  	0.163695	0.165125	0.0138854 	0.101093 	0.194956
4  	3029  	0.177464	0.179196	0.0104042 	0.112656 	0.200387
5  	3081  	0.184003	0.186025	0.00938146	0.112281 	0.203244
6  	3088  	0.188357	0.190476	0.00884585	0.118705 	0.203406
7  	3062  	0.191485	0.194073	0.00896175	0.117967 	0.207   
8  	2984  	0.194169	0.196926	0.00862363	0.128819 	0.207   
9  	2930  	0.196024	0.199412	0.00914511	0.125113 	0.207   
10 	2978  	0.197369	0.201426	0.00929427	0.117595 	0.207707
11 	2931  	0.198218	0.203065	0.00950729	0.133734 	0.20944 
12 	3045  	0.198817	0.203777	0.0101403 	0.12917  	0.21194 
13 	3022  	0.199278	0.204981	0.0112043 	0.125845 	0.21194 
14 	2944  	0.199929	0.206635	0.0118296 	0.119403 	0.21194 
15 	2936  	0.200656	0.207269	0.0117899 	0.109984 	0.21194 
16 	2973  	0.202449	0.208417	0.0110355 	0.130088 	0.21194 
17 	3036  	0.204227	0.20944 	0.0105061 	0.110169 	0.21194 
18 	3034  	0.203747	0.20944 	0.0115102 	0.126177 	0.21194 
19 	2976  	0.206897	0.21194 	0.0115971 	0.1233   	0.21194 
20 	3014  	0.207989	0.21194 	0.011352  	0.122964 	0.21194 
21 	3007  	0.2079  	0.21194 	0.0116124 	0.122275 	0.21194 
22 	3078  	0.207893	0.21194 	0.0115228 	0.125225 	0.21194 
23 	2995  	0.207917	0.21194 	0.0115115 	0.12     	0.21194 
24 	2961  	0.208149	0.21194 	0.0109845 	0.125561 	0.21194 
25 	2955  	0.208012	0.21194 	0.0113709 	0.122705 	0.21194 
26 	3001  	0.207775	0.21194 	0.0115436 	0.121241 	0.21194 
27 	2999  	0.208282	0.21194 	0.0107554 	0.127323 	0.21194 
28 	2938  	0.20791 	0.21194 	0.0114588 	0.119545 	0.21194 
29 	2956  	0.207958	0.21194 	0.0114304 	0.122396 	0.21194 
30 	3039  	0.207912	0.21194 	0.0115657 	0.118299 	0.21194 
31 	2986  	0.208215	0.21194 	0.0108063 	0.125    	0.21194 
32 	2975  	0.207882	0.21194 	0.0117183 	0.123457 	0.21194 
33 	3024  	0.2081  	0.21194 	0.0112548 	0.12197  	0.21194 
34 	2981  	0.208238	0.21194 	0.0106797 	0.123175 	0.21194 
35 	2968  	0.208131	0.21194 	0.0112323 	0.119469 	0.21194 
36 	3000  	0.208189	0.21194 	0.011217  	0.118421 	0.21194 
37 	2990  	0.207954	0.21194 	0.0111742 	0.125116 	0.21194 
38 	2962  	0.20799 	0.21194 	0.0112871 	0.122159 	0.21194 
39 	3074  	0.207537	0.21194 	0.0122679 	0.122336 	0.21194 
40 	2987  	0.207964	0.21194 	0.0114304 	0.128415 	0.21194 

Hall of Fame
------------
[2, 2, 8, 2, 2, 0, 4, 1, 4, 1, 8, 2, 4, 2, 8, 0, 0, 2, 2, 0]
[8, 8, 8, 2, 2, 0, 4, 1, 4, 1, 8, 2, 4, 2, 8, 0, 0, 2, 4, 2]
[4, 4, 8, 2, 2, 0, 4, 1, 4, 1, 8, 2, 4, 2, 8, 0, 0, 2, 2, 0]
[8, 8, 8, 2, 4, 2, 4, 1, 4, 1, 8, 2, 4, 2, 8, 0, 0, 2, 2, 0]
[8, 8, 8, 2, 2, 0, 4, 1, 4, 1, 8, 2, 4, 2, 8, 0, 2, 4, 2, 0]
[0, 0, 8, 2, 2, 0, 4, 1, 4, 1, 8, 2, 4, 2, 8, 0, 0, 2, 2, 0]
[1, 1, 8, 2, 2, 0, 4, 1, 4, 1, 8, 2, 4, 2, 8, 0, 0, 2, 2, 0]
[8, 8, 8, 2, 2, 0, 4, 1, 4, 1, 8, 2, 2, 0, 8, 0, 0, 2, 2, 0]
[8, 8, 8, 2, 2, 0, 4, 1, 4, 1, 8, 2, 4, 2, 8, 0, 0, 2, 2, 0]
[8, 8, 4, 1, 2, 0, 4, 1, 4, 1, 8, 2, 4, 2, 8, 0, 0, 2, 2, 0]

Range: [61, 100], Pop: 5000, Ngen: 40
gen	nevals	avg     	med     	std       	min      	max     
0  	5000  	0.106217	0.10658 	0.00235642	0.0844977	0.117077
1  	3066  	0.107081	0.10658 	0.00315442	0.0840555	0.122519
2  	3006  	0.109665	0.110294	0.00373238	0.0836408	0.125113
3  	3062  	0.111949	0.112918	0.0043328 	0.0834915	0.125534
4  	2981  	0.113903	0.114991	0.00511227	0.0866322	0.126079
5  	3111  	0.11615 	0.11805 	0.00584131	0.089916 	0.127773
6  	2930  	0.118683	0.121061	0.00636511	0.0918239	0.13276 
7  	3012  	0.120868	0.12381 	0.00677688	0.0873544	0.13276 
8  	3053  	0.122763	0.125534	0.00650632	0.0879377	0.13467 
9  	2978  	0.123009	0.126205	0.00705802	0.0848734	0.13467 
10 	3028  	0.12318 	0.126748	0.00736606	0.0934664	0.135184
11 	3058  	0.123617	0.127493	0.00819215	0.0939781	0.135184
12 	2967  	0.126196	0.12939 	0.00884299	0.0896785	0.135184
13 	2967  	0.130425	0.13276 	0.00716095	0.0929839	0.135184
14 	3035  	0.131021	0.13467 	0.00725341	0.0944541	0.135184
15 	2981  	0.130487	0.13467 	0.00760253	0.0959925	0.135624
16 	2961  	0.13214 	0.135184	0.00712103	0.0929722	0.135624
17 	3010  	0.132549	0.135184	0.00710317	0.0932735	0.135624
18 	3068  	0.13271 	0.135184	0.0069902 	0.0910747	0.138405
19 	2990  	0.132927	0.135624	0.00692341	0.0966057	0.138405
20 	3004  	0.133016	0.135624	0.00703062	0.0968198	0.138405
21 	2951  	0.133139	0.135624	0.00705634	0.0922596	0.138914
22 	3017  	0.133721	0.135624	0.00747704	0.0949555	0.138914
23 	3006  	0.135233	0.138405	0.00749763	0.0950752	0.138914
24 	3012  	0.135663	0.138405	0.00751975	0.094382 	0.138914
25 	3018  	0.135762	0.138405	0.00772489	0.0915663	0.138914
26 	3024  	0.135846	0.138914	0.00795424	0.0927583	0.138914
27 	2949  	0.135911	0.138914	0.00791088	0.0940171	0.138914
28 	3022  	0.136037	0.138914	0.00775412	0.0955679	0.138914
29 	3045  	0.135908	0.138914	0.00780504	0.0939759	0.138914
30 	3005  	0.136044	0.138914	0.00771343	0.0922392	0.138914
31 	3038  	0.135974	0.138914	0.00785992	0.085177 	0.138914
32 	2972  	0.13599 	0.138914	0.00779248	0.0903141	0.138914
33 	2974  	0.136101	0.138914	0.00762146	0.0875672	0.138914
34 	3030  	0.136125	0.138914	0.00748371	0.0927357	0.138914
35 	2894  	0.136001	0.138914	0.00775357	0.0933596	0.138914
36 	2964  	0.135948	0.138914	0.00781433	0.0946058	0.138914
37 	3017  	0.135991	0.138914	0.00781963	0.0939502	0.138914
38 	3002  	0.136044	0.138914	0.00773   	0.0938511	0.138914
39 	3104  	0.135818	0.138914	0.00801005	0.0932401	0.138914
40 	2970  	0.135909	0.138914	0.00782655	0.0927039	0.138914

Hall of Fame
------------
[8, 0, 8, 0, 8, 0, 4, 0, 2, 1, 8, 2, 0, 0, 1, 0, 4, 1, 2, 2]
[8, 0, 8, 1, 8, 0, 4, 0, 2, 1, 8, 2, 8, 8, 1, 0, 4, 1, 2, 2]
[8, 0, 8, 1, 8, 0, 4, 0, 2, 1, 8, 2, 0, 0, 1, 0, 4, 1, 2, 2]
[8, 0, 8, 0, 8, 0, 8, 4, 2, 1, 8, 2, 4, 4, 1, 0, 4, 1, 2, 2]
[8, 0, 8, 1, 8, 0, 4, 0, 2, 1, 8, 2, 2, 2, 1, 0, 4, 1, 2, 2]
[8, 0, 8, 1, 8, 0, 4, 0, 2, 1, 8, 2, 4, 4, 1, 0, 4, 1, 8, 8]
[8, 0, 8, 1, 8, 0, 4, 0, 2, 1, 8, 2, 4, 4, 1, 0, 4, 1, 0, 0]
[8, 0, 8, 1, 8, 0, 4, 0, 2, 1, 8, 2, 1, 1, 1, 0, 4, 1, 2, 2]
[8, 0, 8, 0, 8, 0, 4, 0, 2, 1, 8, 2, 4, 4, 1, 0, 4, 1, 2, 2]
[8, 0, 8, 1, 8, 0, 4, 0, 2, 1, 8, 2, 4, 4, 1, 0, 4, 1, 2, 2]

Three stage strategy fitness: 0.18382698636577338
