Range: all, Pop: 5000, Ngen: 40
gen	nevals	avg     	med     	std       	min     	max     
0  	5000  	0.129215	0.129102	0.0112317 	0.096372	0.160667
1  	3051  	0.142716	0.143369	0.00825687	0.103763	0.164628
2  	2993  	0.150506	0.151233	0.00668657	0.107836	0.166667
3  	3058  	0.154449	0.156163	0.00664212	0.118538	0.167068
4  	3051  	0.157024	0.159044	0.00667946	0.112142	0.168988
5  	2918  	0.15934 	0.1614  	0.00646392	0.114754	0.169118
6  	3013  	0.160622	0.163304	0.00648219	0.121475	0.170406
7  	2987  	0.162005	0.164797	0.0065421 	0.121972	0.171703
8  	3037  	0.16315 	0.166347	0.00671485	0.122474	0.172431
9  	3022  	0.164548	0.16736 	0.00634743	0.115576	0.174149
10 	3013  	0.165521	0.168477	0.00627357	0.119027	0.174149
11 	2994  	0.166192	0.169291	0.00650932	0.124943	0.175024
12 	2993  	0.166534	0.170052	0.00708425	0.122396	0.175024
13 	3008  	0.167265	0.170676	0.00713115	0.114612	0.175182
14 	3023  	0.167698	0.171527	0.00755554	0.117075	0.175182
15 	3039  	0.168715	0.172431	0.0074932 	0.113449	0.17676 
16 	3020  	0.170114	0.173805	0.00733979	0.120261	0.176817
17 	3047  	0.170879	0.174503	0.00753967	0.113566	0.177778
18 	3015  	0.171863	0.175024	0.007192  	0.122151	0.177778
19 	3004  	0.172753	0.175603	0.00721753	0.122485	0.177778
20 	2889  	0.174159	0.17676 	0.00708468	0.114816	0.177778
21 	2956  	0.17457 	0.177372	0.00710143	0.122633	0.177778
22 	3005  	0.174741	0.177778	0.00733043	0.112376	0.177778
23 	2958  	0.17478 	0.177778	0.00743009	0.114058	0.177778
24 	2977  	0.174764	0.177778	0.00739299	0.122794	0.177778
25 	3037  	0.174909	0.177778	0.00707415	0.119142	0.177778
26 	2985  	0.174997	0.177778	0.0072094 	0.121622	0.177778
27 	3015  	0.174808	0.177778	0.00736654	0.121397	0.177778
28 	2985  	0.175039	0.177778	0.00718141	0.117006	0.177778
29 	3010  	0.174829	0.177778	0.00735173	0.118439	0.177778
30 	3030  	0.174795	0.177778	0.00752994	0.122376	0.177778
31 	3033  	0.175004	0.177778	0.00707201	0.123374	0.177778
32 	3033  	0.174827	0.177778	0.00735152	0.116352	0.177778
33 	2928  	0.174918	0.177778	0.00722585	0.115543	0.177778
34 	2920  	0.175059	0.177778	0.00721391	0.119365	0.177778
35 	3016  	0.174998	0.177778	0.00720819	0.1197  	0.177778
36 	3039  	0.174804	0.177778	0.00743252	0.119383	0.177778
37 	2987  	0.175022	0.177778	0.00717301	0.118622	0.177778
38 	3052  	0.174815	0.177778	0.00735188	0.122172	0.177778
39 	2965  	0.175052	0.177778	0.00709645	0.1181  	0.177778
40 	2909  	0.174914	0.177778	0.00726766	0.120395	0.177778

Hall of Fame
------------
[2, -1, -4, 1, 4, -4, 4, 1, -1, 4, 1, 0, -1, 1, 2, -4, 8, -8, -8, 4]
[2, -1, -4, 1, 4, -4, -1, -4, -1, 4, -1, -2, 0, 2, 4, -2, 8, -8, -8, 4]
[1, -2, -4, 1, 4, -4, 4, 1, -1, 4, -1, -2, -1, 1, 2, -4, 8, -8, -8, 4]
[2, -1, -4, 1, 4, -4, 4, 1, -1, 4, -1, -2, -1, 1, 4, -2, 8, -8, -8, 4]
[2, -1, -4, 1, 4, -4, 4, 1, -1, 4, 1, 0, -1, 1, 4, -2, 8, -8, -8, 4]
[2, -1, -4, 1, 4, -4, -1, -4, -1, 4, 1, 0, 0, 2, 4, -2, 8, -8, -8, 4]
[2, -1, -4, 1, 4, -4, 4, 1, -1, 4, -1, -2, -1, 1, 2, -4, 8, -8, -8, 4]
[1, -2, -4, 1, 4, -4, -1, -4, -1, 4, -1, -2, -1, 1, 2, -4, 8, -8, -8, 4]
[2, -1, -4, 1, 4, -4, 4, 1, -1, 4, -1, -2, 0, 2, 4, -2, 8, -8, -8, 4]
[2, -1, -4, 1, 4, -4, -1, -4, -1, 4, -1, -2, -1, 1, 2, -4, 8, -8, -8, 4]
