Range: all, Pop: 1000, Ngen: 40
gen	nevals	avg     	med     	std       	min      	max     
0  	1000  	0.129095	0.128241	0.0114347 	0.0907449	0.163054
1  	603   	0.14276 	0.143312	0.00791954	0.107301 	0.163054
2  	599   	0.150203	0.151034	0.00646358	0.113929 	0.163054
3  	627   	0.154175	0.15537 	0.00657625	0.119355 	0.165072
4  	554   	0.157701	0.158973	0.00555442	0.128114 	0.167549
5  	606   	0.159695	0.162673	0.0059443 	0.129858 	0.167549
6  	601   	0.160687	0.163304	0.00660703	0.119219 	0.168681
7  	574   	0.162164	0.164545	0.00624206	0.127549 	0.170004
8  	597   	0.163423	0.166504	0.00654984	0.133683 	0.170843
9  	601   	0.163781	0.167549	0.0070222 	0.120472 	0.171059
10 	550   	0.164774	0.167839	0.00679979	0.123433 	0.171347
11 	615   	0.165403	0.168837	0.00702731	0.120759 	0.172314
12 	567   	0.166487	0.170004	0.0072806 	0.115516 	0.172579
13 	589   	0.167707	0.170875	0.00701252	0.130527 	0.173308
14 	595   	0.168557	0.171147	0.00651338	0.125848 	0.173308
15 	644   	0.169093	0.171861	0.00663961	0.135159 	0.173308
16 	589   	0.170686	0.172579	0.00575138	0.131381 	0.173308
17 	637   	0.171134	0.173308	0.00594845	0.120018 	0.173308
18 	594   	0.1712  	0.173308	0.00591149	0.121095 	0.173308
19 	615   	0.171087	0.173308	0.00592085	0.120682 	0.173308
20 	628   	0.170793	0.173308	0.00631591	0.116308 	0.173308
21 	621   	0.171219	0.173308	0.00555736	0.13445  	0.173308
22 	632   	0.171083	0.173308	0.00579448	0.136441 	0.173308
23 	623   	0.171488	0.173308	0.0052027 	0.140299 	0.173308
24 	613   	0.170853	0.173308	0.00616268	0.129561 	0.173308
25 	612   	0.17126 	0.173308	0.00559339	0.135478 	0.173308
26 	576   	0.171117	0.173308	0.00600978	0.139361 	0.173308
27 	600   	0.171243	0.173308	0.00605759	0.118006 	0.173308
28 	579   	0.171094	0.173308	0.00593353	0.127178 	0.173308
29 	598   	0.171127	0.173308	0.00587019	0.134025 	0.173308
30 	569   	0.171247	0.173308	0.00566692	0.13165  	0.173308
31 	612   	0.171277	0.173308	0.0057848 	0.129234 	0.173308
32 	621   	0.171095	0.173308	0.00578277	0.135585 	0.173308
33 	587   	0.170826	0.173308	0.00623523	0.123902 	0.173308
34 	603   	0.171095	0.173308	0.00593482	0.123818 	0.173308
35 	605   	0.171014	0.173308	0.00582986	0.123939 	0.173308
36 	616   	0.170911	0.173308	0.0060946 	0.12141  	0.173308
37 	609   	0.17103 	0.173308	0.00616856	0.128877 	0.173308
38 	636   	0.170876	0.173308	0.00616264	0.127201 	0.173308
39 	606   	0.171226	0.173308	0.00570713	0.131304 	0.173308
40 	607   	0.171387	0.173308	0.00547683	0.133855 	0.173308

Hall of Fame
------------
[4, -1, 1, -8, 1, -4, 1, -2, -2, -4, 8, -2, 1, 2, 2, -4, 4, -8, -4, -1]
[4, -1, 1, -8, 1, -4, 2, -1, 0, -2, 8, -2, 1, 2, 2, -4, 4, -8, -4, -1]
[4, -1, 1, -8, 1, -4, 2, -1, -2, -4, 8, -2, 1, 2, 2, -4, 4, -8, -4, -1]
[4, -1, -1, -8, 1, -4, 2, -1, -2, -4, 8, -2, 1, 2, 2, -4, 4, -8, -4, -1]
[4, -1, 8, 0, 1, -4, 2, -1, -2, -4, 8, -2, 1, 2, 2, -4, 4, -8, -4, -1]
[4, -1, 0, -8, 1, -4, 2, -1, -2, -4, 8, -2, 1, 2, 2, -4, 4, -8, -4, -1]
[4, -1, 1, -4, 1, -4, 2, -1, -2, -4, 8, -2, 1, 2, 2, -4, 4, -8, -4, -1]
[2, 1, 1, -8, 1, -4, 2, -1, -2, -4, 8, -2, 1, 2, 2, -4, 4, -8, -4, -1]
[0, -1, 1, -8, 1, -4, 2, -1, -2, -4, 8, -2, 1, 2, 2, -4, 4, -8, -4, -1]
[1, -1, 1, -8, 1, -4, 2, -1, -2, -4, 8, -2, 1, 2, 2, -4, 4, -8, -4, -1]
