Range: beg, Pop: 5000, Ngen: 40
gen	nevals	avg     	med     	std       	min      	max     
0  	5000  	0.103583	0.103693	0.00694576	0.0781108	0.131439
1  	2995  	0.11044 	0.110909	0.00608089	0.0859026	0.131439
2  	2934  	0.114341	0.115546	0.00672993	0.0826944	0.135759
3  	3019  	0.117726	0.119341	0.00707013	0.0875755	0.135759
4  	2950  	0.120636	0.122791	0.00746597	0.0895462	0.13615 
5  	2966  	0.123542	0.126188	0.00762943	0.0884696	0.137996
6  	3015  	0.126226	0.129061	0.00747329	0.0924806	0.141002
7  	2958  	0.128374	0.131434	0.00776001	0.0861813	0.141144
8  	3043  	0.130674	0.134116	0.0081909 	0.0912491	0.143667
9  	2854  	0.133639	0.136322	0.00813956	0.0923172	0.144076
10 	3032  	0.136724	0.13991 	0.00791875	0.0901995	0.144213
11 	2928  	0.138567	0.141386	0.00783484	0.092469 	0.144624
12 	3016  	0.139509	0.142591	0.00831712	0.0848896	0.1449  
13 	3040  	0.140416	0.143803	0.00814509	0.0967433	0.1449  
14 	3022  	0.140968	0.144204	0.00786342	0.091133 	0.145038
15 	2959  	0.141118	0.14434 	0.00806283	0.0969868	0.145594
16 	3055  	0.141479	0.144624	0.00793584	0.0962672	0.145733
17 	3028  	0.141467	0.144762	0.0078596 	0.0947075	0.146154
18 	2962  	0.142255	0.145038	0.0077161 	0.0953566	0.146154
19 	3029  	0.142365	0.145455	0.00818576	0.091922 	0.146411
20 	2965  	0.142868	0.145594	0.0077953 	0.0958574	0.146411
21 	2984  	0.142927	0.145733	0.0079252 	0.0983284	0.146411
22 	2938  	0.143239	0.146154	0.00796044	0.0983333	0.146411
23 	3050  	0.143391	0.146295	0.00774725	0.100358 	0.146411
24 	2965  	0.143264	0.146295	0.00806912	0.0990826	0.146411
25 	3006  	0.143283	0.146411	0.00815845	0.090009 	0.146411
26 	3014  	0.143545	0.146411	0.00791412	0.0980392	0.146411
27 	2970  	0.14331 	0.146411	0.00828155	0.0924214	0.146411
28 	3011  	0.143323	0.146411	0.0080559 	0.0988258	0.146411
29 	2949  	0.143437	0.146411	0.00809848	0.0962415	0.146411
30 	3071  	0.143332	0.146411	0.00819362	0.0936709	0.146411
31 	2913  	0.143452	0.146411	0.00808359	0.0895394	0.146411
32 	3046  	0.143385	0.146411	0.00815389	0.0970504	0.146411
33 	3073  	0.143299	0.146411	0.00820424	0.101299 	0.146411
34 	3057  	0.14325 	0.146411	0.00830417	0.0985507	0.146411
35 	2996  	0.143393	0.146411	0.00815242	0.0961263	0.146411
36 	2999  	0.143655	0.146411	0.00779152	0.0957031	0.146411
37 	3092  	0.143415	0.146411	0.0080079 	0.0944816	0.146411
38 	2977  	0.143367	0.146411	0.00818824	0.095636 	0.146411
39 	3012  	0.143326	0.146411	0.00820196	0.094358 	0.146411
40 	2960  	0.143549	0.146411	0.00776274	0.0978628	0.146411

Hall of Fame
------------
[2, -1, 1, 8, 2, -8, 0, 4, -8, 8, 4, 2, -4, 1, 0, 1, 8, -4, -4, 8]
[2, 0, 1, 8, 2, -8, 0, 4, -8, 8, 4, 2, -4, 1, 0, 1, 8, -4, -4, 8]
[-2, -1, 0, 8, 2, -8, 0, 4, -8, 8, 4, 2, -4, 1, 0, 1, 8, -4, -4, 8]
[-2, 8, 1, 8, 2, -8, 0, 4, -8, 8, 4, 2, -4, 1, 0, 1, 8, -4, -4, 8]
[-4, 8, 1, 8, 2, -8, 0, 4, -8, 8, 4, 2, -4, 1, 0, 1, 8, -4, -4, 8]
[0, 1, 0, 8, 2, -8, 0, 4, -8, 8, 4, 2, -4, 1, 0, 1, 8, -4, -4, 8]
[0, 8, 1, 8, 2, -8, 0, 4, -8, 8, 4, 2, -4, 1, 0, 1, 8, -4, -4, 8]
[1, 4, 1, 8, 2, -8, 0, 4, -8, 8, 4, 2, -4, 1, 0, 1, 8, -4, -4, 8]
[2, 8, 0, 8, 2, -8, 0, 4, -8, 8, 4, 2, -4, 1, 0, 1, 8, -4, -4, 8]
[2, 8, 1, 8, 2, -8, 0, 4, -8, 8, 4, 2, -4, 1, 0, 1, 8, -4, -4, 8]
