Range: beg, Pop: 1000, Ngen: 40
gen	nevals	avg     	med     	std       	min      	max     
0  	1000  	0.10339 	0.103623	0.00696467	0.0801425	0.125109
1  	651   	0.109975	0.110268	0.00636908	0.0892614	0.12874 
2  	604   	0.114449	0.115486	0.00620098	0.0881017	0.12874 
3  	585   	0.11726 	0.119465	0.00686257	0.0825112	0.128826
4  	588   	0.11952 	0.121877	0.0070723 	0.0908373	0.133595
5  	598   	0.122166	0.125212	0.00691957	0.0931208	0.135985
6  	597   	0.125519	0.127896	0.00562972	0.0980769	0.137795
7  	611   	0.126163	0.12874 	0.00677873	0.087942 	0.137795
8  	613   	0.127261	0.12938 	0.0077474 	0.0934579	0.139775
9  	608   	0.129981	0.133595	0.0079068 	0.102293 	0.139775
10 	587   	0.130589	0.135985	0.00905123	0.101143 	0.139775
11 	605   	0.13364 	0.137795	0.00822522	0.0961015	0.140038
12 	591   	0.134257	0.137795	0.00785106	0.0882035	0.140625
13 	623   	0.132789	0.138235	0.00966417	0.0957121	0.140625
14 	617   	0.134198	0.139775	0.00920817	0.101113 	0.140884
15 	591   	0.13776 	0.139906	0.0068416 	0.0998811	0.140884
16 	616   	0.138081	0.140625	0.00681777	0.0965575	0.141509
17 	582   	0.13796 	0.140625	0.00732358	0.0934223	0.141805
18 	611   	0.138433	0.140884	0.00677078	0.104807 	0.141935
19 	608   	0.138612	0.141133	0.00718316	0.0988626	0.143791
20 	560   	0.139381	0.141509	0.00644537	0.102283 	0.143791
21 	590   	0.139141	0.141643	0.00697042	0.102329 	0.145522
22 	586   	0.139646	0.142193	0.00741907	0.0994248	0.145522
23 	570   	0.140795	0.143791	0.00755881	0.0917969	0.145522
24 	622   	0.141215	0.143791	0.00759087	0.105309 	0.145931
25 	580   	0.142278	0.145522	0.00751883	0.105719 	0.145931
26 	600   	0.142393	0.145522	0.00846498	0.0978261	0.145931
27 	600   	0.142853	0.145931	0.00826761	0.101584 	0.145931
28 	617   	0.142752	0.145931	0.00813727	0.105042 	0.145931
29 	592   	0.143005	0.145931	0.00804189	0.0983193	0.145931
30 	614   	0.142813	0.145931	0.00801682	0.101018 	0.145931
31 	585   	0.143086	0.145931	0.00777354	0.100257 	0.145931
32 	579   	0.142778	0.145931	0.0083768 	0.0958904	0.145931
33 	600   	0.142523	0.145931	0.00865568	0.102229 	0.145931
34 	625   	0.142224	0.145931	0.00890713	0.101974 	0.145931
35 	607   	0.142405	0.145931	0.00860712	0.101777 	0.145931
36 	594   	0.143243	0.145931	0.00783029	0.0994295	0.145931
37 	616   	0.142663	0.145931	0.00839149	0.102415 	0.145931
38 	601   	0.142369	0.145931	0.00866257	0.107639 	0.145931
39 	606   	0.142951	0.145931	0.00766806	0.10367  	0.145931
40 	598   	0.143019	0.145931	0.00782799	0.0981432	0.145931

Hall of Fame
------------
[-2, 8, -1, 4, 2, -8, -4, 0, 0, 8, -1, -4, -2, 2, 0, 1, 4, -8, -8, 8]
[0, 0, -1, 4, 2, -8, -4, 0, 0, 8, -1, -4, 0, 4, 0, 1, 4, -8, -8, 8]
[-8, 8, -1, 4, 2, -8, -4, 0, 0, 8, -1, -4, -2, 2, 0, 1, 4, -8, -8, 8]
[0, 8, -1, 4, 2, -8, -4, 0, 0, 8, -1, -4, 0, 4, 0, 1, 4, -8, -8, 8]
[0, 0, -1, 4, 2, -8, -4, 0, 0, 8, -1, -4, -2, 2, 0, 1, 4, -8, -8, 8]
[1, 2, -1, 4, 2, -8, -4, 0, 0, 8, -1, -4, 0, 4, 0, 1, 4, -8, -8, 8]
[0, 8, -1, 4, 2, -8, -4, 0, 0, 8, -1, -4, -2, 2, 0, 1, 4, -8, -8, 8]
[0, 2, -1, 4, 2, -8, -4, 0, 0, 8, -1, -4, 0, 4, 0, 1, 4, -8, -8, 8]
[1, 2, -1, 4, 2, -8, -4, 0, 0, 8, -1, -4, -2, 2, 0, 1, 4, -8, -8, 8]
[0, 2, -1, 4, 2, -8, -4, 0, 0, 8, -1, -4, -2, 2, 0, 1, 4, -8, -8, 8]
