Range: end, Pop: 1000, Ngen: 40
gen	nevals	avg     	med     	std      	min     	max     
0  	1000  	0.583138	0.578947	0.0572316	0.444444	0.75    
1  	572   	0.658517	0.657895	0.045875 	0.5     	0.75    
2  	619   	0.700239	0.710526	0.0339462	0.552632	0.771429
3  	578   	0.718637	0.72973 	0.0323197	0.564103	0.771429
4  	601   	0.728699	0.742857	0.0336893	0.565217	0.771429
5  	612   	0.741367	0.75    	0.0344069	0.567568	0.771429
6  	598   	0.754066	0.771429	0.0297631	0.594595	0.771429
7  	565   	0.756105	0.771429	0.0310475	0.536585	0.771429
8  	575   	0.758626	0.771429	0.0273082	0.615385	0.771429
9  	571   	0.760105	0.771429	0.0268311	0.564103	0.771429
10 	643   	0.760037	0.771429	0.0251291	0.611111	0.771429
11 	602   	0.759322	0.771429	0.0268376	0.594595	0.771429
12 	615   	0.761779	0.771429	0.0247003	0.621622	0.771429
13 	645   	0.759787	0.771429	0.0292136	0.527778	0.771429
14 	605   	0.760137	0.771429	0.027908 	0.571429	0.771429
15 	613   	0.76146 	0.771429	0.0247365	0.621622	0.771429
16 	612   	0.760068	0.771429	0.0286056	0.594595	0.771429
17 	644   	0.76192 	0.771429	0.026292 	0.571429	0.771429
18 	600   	0.761751	0.771429	0.0249125	0.567568	0.771429
19 	613   	0.761914	0.771429	0.0256465	0.552632	0.771429
20 	592   	0.762587	0.771429	0.0235609	0.605263	0.771429
21 	613   	0.762869	0.771429	0.0230808	0.6     	0.771429
22 	624   	0.760866	0.771429	0.0249785	0.611111	0.771429
23 	554   	0.763584	0.771429	0.0214073	0.611111	0.771429
24 	600   	0.761502	0.771429	0.0275872	0.558824	0.771429
25 	612   	0.761788	0.771429	0.0238944	0.625   	0.771429
26 	601   	0.76123 	0.771429	0.0258869	0.594595	0.771429
27 	598   	0.76251 	0.771429	0.024883 	0.525   	0.771429
28 	576   	0.762979	0.771429	0.0234898	0.578947	0.771429
29 	612   	0.76297 	0.771429	0.0234384	0.578947	0.771429
30 	578   	0.761817	0.771429	0.0267996	0.55    	0.771429
31 	594   	0.761701	0.771429	0.0260308	0.575   	0.771429
32 	603   	0.761355	0.771429	0.0245832	0.605263	0.771429
33 	607   	0.761666	0.771429	0.0255745	0.571429	0.771429
34 	603   	0.763468	0.771429	0.0215806	0.611111	0.771429
35 	636   	0.761325	0.771429	0.0248729	0.594595	0.771429
36 	576   	0.761834	0.771429	0.0242595	0.594595	0.771429
37 	609   	0.761025	0.771429	0.0260674	0.588235	0.771429
38 	602   	0.762286	0.771429	0.025123 	0.578947	0.771429
39 	585   	0.762881	0.771429	0.0230767	0.594595	0.771429
40 	608   	0.763469	0.771429	0.024234 	0.571429	0.771429

Hall of Fame
------------
[2, -4, 4, -4, 4, 4, 8, 4, 0, 8, 8, 4, 8, 2, 4, -8, -1, 4, -8, -1]
[2, 1, 4, 2, -1, 0, 2, -1, 2, 4, -1, 2, 1, 0, 8, -4, -8, 0, 1, 2]
[2, 1, 4, 2, -1, 2, 8, 1, 2, 8, -2, -8, 4, 0, 8, -4, -8, 0, 1, 2]
[1, -2, -1, 1, 1, 0, -1, -2, 0, 8, -1, 4, -2, -4, 4, -8, -8, 4, 0, 4]
[2, 1, -1, 2, -8, -2, 8, 1, -4, 2, -2, -8, 4, 0, 8, -4, -8, 0, 1, 2]
[2, -4, 4, -4, 4, 4, 8, 4, 4, 8, 8, 4, 8, 2, 4, -8, -1, 4, -8, -1]
[2, 1, 4, 2, -1, 1, 4, 1, -2, 2, -2, -8, 4, 0, 8, -4, -8, 1, 0, 8]
[2, -2, -1, 1, 4, 4, -1, -2, 0, 8, -1, 4, -2, -4, 4, -8, -1, 4, 0, 4]
[2, 1, 4, 2, 0, 2, 4, 1, -4, 2, -2, -8, 4, 0, 8, -4, -8, 0, 1, 2]
[2, 1, -2, 4, -1, 1, 4, 1, -8, 2, -2, -8, 4, 0, 8, -4, -8, 0, 1, 2]
