Range: end, Pop: 5000, Ngen: 40
gen	nevals	avg     	med     	std      	min     	max     
0  	5000  	0.583602	0.583333	0.0586687	0.421053	0.75    
1  	2865  	0.656026	0.657895	0.0416938	0.470588	0.771429
2  	3047  	0.69446 	0.702703	0.0346088	0.444444	0.771429
3  	3064  	0.716122	0.72973 	0.029752 	0.52381 	0.771429
4  	3091  	0.723102	0.72973 	0.032407 	0.512821	0.771429
5  	3017  	0.728874	0.742857	0.0354885	0.511628	0.771429
6  	3049  	0.737133	0.75    	0.0382847	0.54902 	0.771429
7  	3003  	0.747436	0.771429	0.0370719	0.486486	0.771429
8  	3023  	0.748216	0.771429	0.0379254	0.511628	0.771429
9  	3031  	0.748969	0.771429	0.0374196	0.525   	0.771429
10 	3041  	0.750863	0.771429	0.0358351	0.542857	0.771429
11 	3005  	0.751672	0.771429	0.0351107	0.531915	0.771429
12 	2954  	0.752203	0.771429	0.0354459	0.560976	0.771429
13 	3016  	0.75372 	0.771429	0.0338875	0.555556	0.771429
14 	3000  	0.753275	0.771429	0.0350542	0.542857	0.771429
15 	3011  	0.754302	0.771429	0.0335326	0.542857	0.771429
16 	2934  	0.754495	0.771429	0.0340541	0.542857	0.771429
17 	2935  	0.756358	0.771429	0.032829 	0.513514	0.771429
18 	3041  	0.755955	0.771429	0.032584 	0.5     	0.771429
19 	2911  	0.757978	0.771429	0.0312831	0.486486	0.771429
20 	3074  	0.757182	0.771429	0.0321584	0.525   	0.771429
21 	3042  	0.757371	0.771429	0.0317475	0.540541	0.771429
22 	2966  	0.758428	0.771429	0.0306457	0.567568	0.771429
23 	3030  	0.758319	0.771429	0.0309809	0.571429	0.771429
24 	2992  	0.758819	0.771429	0.0307185	0.555556	0.771429
25 	3007  	0.759092	0.771429	0.0302095	0.555556	0.771429
26 	3046  	0.759658	0.771429	0.0296414	0.55    	0.771429
27 	2977  	0.759648	0.771429	0.0295256	0.547619	0.771429
28 	2968  	0.759766	0.771429	0.0294929	0.538462	0.771429
29 	3028  	0.759931	0.771429	0.029722 	0.567568	0.771429
30 	3080  	0.760413	0.771429	0.029181 	0.538462	0.771429
31 	3006  	0.759857	0.771429	0.0300635	0.529412	0.771429
32 	3028  	0.760682	0.771429	0.0282997	0.564103	0.771429
33 	3094  	0.760227	0.771429	0.0289442	0.538462	0.771429
34 	2980  	0.760698	0.771429	0.0281449	0.547619	0.771429
35 	2944  	0.761542	0.771429	0.0272184	0.564103	0.771429
36 	2887  	0.761667	0.771429	0.0271634	0.590909	0.771429
37 	3002  	0.761607	0.771429	0.0271079	0.567568	0.771429
38 	3029  	0.761349	0.771429	0.0276624	0.5     	0.771429
39 	3024  	0.76165 	0.771429	0.0270532	0.571429	0.771429
40 	3006  	0.760966	0.771429	0.0282455	0.540541	0.771429

Hall of Fame
------------
[-2, -4, 8, 4, -2, -2, 8, 0, -2, 0, -1, -8, 8, 1, 4, -1, -8, 8, 4, -8]
[2, 1, -2, 8, -2, -2, 0, -2, -1, 4, -2, 2, 2, 1, 4, -8, 0, 8, 2, 8]
[2, 0, -1, 4, 0, 4, 0, -1, -2, 2, 2, -1, 4, -1, 8, -2, -1, 8, -1, 8]
[2, -2, -1, 0, 4, 1, 4, -2, -8, -4, 8, 8, 4, 1, 8, -4, -8, -1, 8, 1]
[2, -2, -1, 0, 4, 1, 4, -2, -8, -4, 8, 8, 0, -2, 4, -8, 0, 8, 2, -4]
[0, -4, 4, 4, -1, -2, 4, 1, 1, 4, 8, -1, 2, -1, -2, -2, -8, 2, 8, -8]
[2, -8, 2, -2, 2, 1, 4, -2, -4, 4, 4, -4, -1, -8, 4, -4, -8, 4, 1, -8]
[8, 4, -8, -4, 4, 2, 4, -2, -1, 4, -4, 0, -1, -4, 8, -8, -8, 1, 4, 2]
[1, -8, 2, 0, 2, -2, -1, -2, -8, 2, -4, -4, 8, 4, 0, -8, -8, -1, -1, -8]
[-1, -4, -8, -2, 1, 2, 4, 2, 2, 4, -1, 4, 0, -2, 4, -8, 0, 8, 2, -4]
