Range: mid, Pop: 1000, Ngen: 40
gen	nevals	avg     	med     	std       	min      	max     
0  	1000  	0.14206 	0.141548	0.0206859 	0.0928705	0.197197
1  	581   	0.167357	0.169484	0.0143179 	0.104879 	0.197421
2  	586   	0.180253	0.181992	0.0112166 	0.108155 	0.203324
3  	585   	0.187898	0.189934	0.00972249	0.116462 	0.204637
4  	606   	0.191943	0.194556	0.00977586	0.128391 	0.208583
5  	611   	0.195039	0.197856	0.00972736	0.120947 	0.208678
6  	596   	0.197327	0.201424	0.00958589	0.149718 	0.210526
7  	584   	0.199228	0.203324	0.010415  	0.124777 	0.210581
8  	606   	0.201085	0.206073	0.00944039	0.138842 	0.212274
9  	611   	0.20204 	0.207136	0.00964602	0.152511 	0.213573
10 	610   	0.203769	0.208678	0.0099593 	0.144612 	0.214583
11 	580   	0.205698	0.210526	0.0108407 	0.136237 	0.215152
12 	632   	0.208469	0.212212	0.00891358	0.143246 	0.216024
13 	607   	0.20987 	0.213573	0.00950221	0.128065 	0.216024
14 	577   	0.21036 	0.213855	0.00906008	0.142339 	0.216132
15 	615   	0.21232 	0.215863	0.00815041	0.169216 	0.217832
16 	602   	0.212537	0.215863	0.00871939	0.149296 	0.217832
17 	593   	0.212163	0.216024	0.00961802	0.140115 	0.217832
18 	608   	0.212433	0.21608 	0.00869191	0.154286 	0.218274
19 	623   	0.2144  	0.217832	0.00819456	0.148393 	0.218496
20 	590   	0.21474 	0.217832	0.008002  	0.16555  	0.218496
21 	584   	0.215226	0.217832	0.00791894	0.145332 	0.218496
22 	596   	0.215009	0.218274	0.00848933	0.162319 	0.218496
23 	596   	0.21542 	0.218496	0.00862159	0.138659 	0.218496
24 	601   	0.215405	0.218496	0.00834165	0.14776  	0.218496
25 	603   	0.215366	0.218496	0.00808707	0.134078 	0.218496
26 	600   	0.215412	0.218496	0.0084033 	0.160942 	0.218496
27 	611   	0.214905	0.218496	0.00891649	0.140092 	0.218496
28 	595   	0.21518 	0.218496	0.0079827 	0.166096 	0.218496
29 	641   	0.215346	0.218496	0.00794643	0.140496 	0.218496
30 	618   	0.215114	0.218496	0.00868231	0.154511 	0.218496
31 	599   	0.21541 	0.218496	0.00839894	0.146209 	0.218496
32 	607   	0.215537	0.218496	0.00771089	0.160342 	0.218496
33 	579   	0.215459	0.218496	0.00812616	0.163172 	0.218496
34 	594   	0.215562	0.218496	0.00791765	0.159351 	0.218496
35 	568   	0.215802	0.218496	0.00771844	0.163778 	0.218496
36 	580   	0.215346	0.218496	0.00884793	0.140699 	0.218496
37 	590   	0.215791	0.218496	0.00705904	0.176322 	0.218496
38 	595   	0.215378	0.218496	0.0083733 	0.152866 	0.218496
39 	584   	0.21521 	0.218496	0.00833848	0.168067 	0.218496
40 	605   	0.215574	0.218496	0.00804989	0.142205 	0.218496

Hall of Fame
------------
[-8, 2, 8, 2, 1, 2, 2, -2, -2, 1, 0, -4, 0, 2, 4, -8, 8, -8, -2, 8]
[-8, 2, 8, 2, 1, 2, 4, 0, -2, 1, 0, -4, 0, 2, 4, -8, 8, -8, -2, 8]
[-8, 2, -2, -8, 1, 2, -4, -8, -2, 1, 0, -4, 0, 2, 4, -8, 8, -8, -2, 8]
[-8, 2, 8, 2, 1, 2, -4, -8, -2, 1, 0, -4, 0, 2, 4, -8, 8, -8, -2, 8]
[-8, -1, 8, 2, 1, 2, -4, -8, -2, -4, 0, -4, 0, -1, 4, -8, 8, -8, -2, 8]
[-8, 2, -1, -8, 1, 2, -4, -8, -2, 1, 0, -4, 0, 2, 4, -8, 8, -8, -2, 8]
[-8, 2, 1, -4, 1, 2, -4, -8, -2, 1, 0, -4, 0, 2, 4, -8, 8, -8, -2, 8]
[-8, 2, 8, 1, 1, 2, -4, -8, -2, 1, 0, -4, 0, 2, 4, -8, 8, -8, -2, 8]
[-8, 4, 8, 2, 1, 2, -4, -8, -2, 1, 0, -4, 0, 2, 4, -8, 8, -8, -2, 8]
[-8, 4, 8, 0, 1, 2, -4, -8, -2, 1, 0, -4, 0, 2, 4, -8, 8, -8, -2, 8]
