Range: mid, Pop: 5000, Ngen: 40
gen	nevals	avg     	med     	std       	min     	max     
0  	5000  	0.142529	0.142158	0.0210475 	0.085689	0.200187
1  	3035  	0.168208	0.169919	0.0142518 	0.10058 	0.204975
2  	2960  	0.181213	0.183099	0.011134  	0.109185	0.211009
3  	2967  	0.188015	0.190386	0.0104577 	0.108326	0.211009
4  	2990  	0.192049	0.194975	0.010849  	0.101901	0.211009
5  	3017  	0.194922	0.198663	0.0113265 	0.106119	0.211009
6  	2972  	0.197154	0.201439	0.0118746 	0.112478	0.212329
7  	3038  	0.198237	0.203722	0.0130217 	0.102874	0.213632
8  	3034  	0.200557	0.205128	0.0118287 	0.101093	0.214212
9  	2966  	0.20351 	0.208078	0.0105103 	0.12459 	0.215909
10 	3057  	0.204806	0.211009	0.0105782 	0.113278	0.215992
11 	2978  	0.204884	0.211009	0.011275  	0.118307	0.217526
12 	2937  	0.205853	0.21183 	0.0111142 	0.122164	0.217708
13 	2956  	0.206146	0.21281 	0.0124218 	0.123312	0.217986
14 	2953  	0.208376	0.214286	0.0114743 	0.123878	0.218295
15 	3013  	0.211333	0.215909	0.0090955 	0.147943	0.218295
16 	2952  	0.212341	0.216718	0.0090839 	0.128319	0.218295
17 	2997  	0.212287	0.217526	0.00985102	0.122467	0.218295
18 	2954  	0.210738	0.217526	0.0112289 	0.117647	0.218295
19 	3010  	0.209513	0.21775 	0.0137308 	0.103711	0.218978
20 	2990  	0.211572	0.218295	0.0126912 	0.108527	0.218978
21 	3057  	0.215471	0.218295	0.00745971	0.143498	0.218978
22 	2995  	0.215687	0.218295	0.00725825	0.129302	0.219207
23 	2908  	0.215744	0.218295	0.00732183	0.154618	0.219207
24 	2956  	0.215987	0.218978	0.0078302 	0.12938 	0.219207
25 	2999  	0.21615 	0.218978	0.00765715	0.144612	0.219207
26 	2971  	0.216357	0.218978	0.00735036	0.151152	0.219207
27 	2967  	0.216449	0.219207	0.00719045	0.150528	0.219207
28 	2990  	0.216333	0.219207	0.00774725	0.136882	0.219207
29 	3006  	0.216526	0.219207	0.00755477	0.1407  	0.219207
30 	2958  	0.216427	0.219207	0.00755905	0.158246	0.219207
31 	2987  	0.216578	0.219207	0.007093  	0.155347	0.219207
32 	3014  	0.216469	0.219207	0.00741794	0.15458 	0.219207
33 	2978  	0.216445	0.219207	0.00764675	0.144248	0.219207
34 	3055  	0.216328	0.219207	0.00772383	0.140396	0.219207
35 	2983  	0.216486	0.219207	0.00758821	0.13289 	0.219207
36 	3025  	0.216487	0.219207	0.00726162	0.14484 	0.219207
37 	3040  	0.216474	0.219207	0.00718156	0.157088	0.219207
38 	3023  	0.216373	0.219207	0.00756808	0.145161	0.219207
39 	3089  	0.216388	0.219207	0.0074637 	0.138686	0.219207
40 	3055  	0.216447	0.219207	0.00738864	0.151052	0.219207

Hall of Fame
------------
[-8, -8, 2, -8, -1, -8, -1, -8, 1, -1, 8, -8, -4, 1, 0, -8, 8, -8, -8, 0]
[-1, -1, 2, -8, -1, -8, 8, 1, 1, -1, 8, -8, -4, 1, 0, -8, 8, -8, -8, 0]
[-1, -1, 2, -8, -1, -8, -1, -8, 1, -1, 8, -8, -4, 1, 8, 0, 8, -8, -8, 0]
[-1, -1, 2, -8, -1, -8, -1, -8, 1, -1, 8, -8, -1, 4, 0, -8, 8, -8, -8, 0]
[0, 0, 2, -8, -1, -8, -1, -8, 1, -1, 8, -8, -4, 1, 0, -8, 8, -8, -8, 0]
[-2, -2, 2, -8, -1, -8, -1, -8, 1, -1, 8, -8, -4, 1, 0, -8, 8, -8, -8, 0]
[-1, -1, 2, -8, -1, -8, -1, -8, 1, -1, 8, -8, -4, 1, 0, -8, 8, -8, -8, 0]
[-2, -2, 0, -8, -1, -8, -1, -8, 1, -1, 8, -8, -4, 1, 0, -8, 8, -8, -8, 0]
[4, 4, 1, -8, -1, -8, -1, -8, 1, -1, 8, -8, -4, 1, 0, -8, 8, -8, -8, 0]
[-1, -1, 1, -8, -1, -8, -1, -8, 1, -1, 8, -8, -1, 4, 0, -8, 8, -8, -8, 0]
